state={
	id=375
	name="STATE_375"
	resources={
		oil=320.000
		aluminium=50.000
	}
	provinces={
		805 1500 1915 1927 1954 1998 2019 2042 2055 2082 3867 3875 3960 3972 4577 4884 4919 4955 5001 5022 5038 5061 5085 6785 6798 6803 6968 6987 7628 7836 7945 7981 8025 8064 9773 9822 9829 9908 9920 10337 10504 10702 10740 10778 10861 10867 10894 11743 12301 12341 12369 12410 12486 12720 12728 12782 12791 12848 12875 12893 
	}
									history = {
		owner = TEX
		add_core_of = TEX
	}
	manpower=5824712
	buildings_max_level_factor=1.000
	state_category=metropolis
	local_supplies=9.000
}
